1 4 1
1 5 1
1 8 1
1 9 1
1 11 1
1 14 1
1 16 1
1 18 1
1 22 1
1 24 1
1 25 1
1 27 1
1 30 1
1 31 1
1 34 1
1 37 1
1 42 1
1 44 1
1 45 1
1 46 1
1 48 1
1 49 1
1 51 1
1 53 1
1 54 1
1 60 1
1 62 1
1 64 1
1 65 1
1 66 1
1 68 1
1 74 1
1 79 1
1 84 1
1 89 1
1 91 1
1 98 1
1 99 1
1 100 1
2 13 1
2 23 1
2 28 1
2 29 1
2 32 1
2 33 1
2 38 1
2 39 1
2 40 1
2 63 1
2 76 1
2 86 1
2 92 1
3 6 1
3 12 1
3 19 1
3 35 1
3 43 1
3 47 1
3 50 1
3 52 1
3 58 1
3 61 1
3 70 1
3 71 1
3 72 1
3 75 1
3 80 1
3 82 1
3 87 1
3 90 1
3 91 1
3 95 1
4 1 1
4 5 1
4 8 1
4 9 1
4 11 1
4 14 1
4 16 1
4 18 1
4 22 1
4 24 1
4 25 1
4 27 1
4 30 1
4 31 1
4 34 1
4 37 1
4 42 1
4 44 1
4 45 1
4 46 1
4 48 1
4 49 1
4 51 1
4 53 1
4 54 1
4 62 1
4 64 1
4 65 1
4 66 1
4 68 1
4 74 1
4 77 1
4 79 1
4 84 1
4 89 1
4 91 1
4 98 1
4 99 1
4 100 1
5 1 1
5 4 1
5 8 1
5 9 1
5 11 1
5 14 1
5 16 1
5 18 1
5 22 1
5 24 1
5 25 1
5 27 1
5 30 1
5 31 1
5 34 1
5 37 1
5 42 1
5 44 1
5 45 1
5 46 1
5 48 1
5 49 1
5 51 1
5 53 1
5 54 1
5 62 1
5 64 1
5 65 1
5 66 1
5 68 1
5 74 1
5 79 1
5 84 1
5 89 1
5 91 1
5 98 1
5 99 1
5 100 1
6 3 1
6 12 1
6 15 1
6 20 1
6 35 1
6 36 1
6 47 1
6 50 1
6 56 1
6 58 1
6 70 1
6 77 1
6 78 1
6 80 1
6 88 1
6 90 1
6 95 1
6 96 1
6 97 1
7 15 1
7 19 1
7 31 1
7 35 1
7 36 1
7 41 1
7 43 1
7 50 1
7 52 1
7 55 1
7 56 1
7 59 1
7 60 1
7 67 1
7 71 1
7 72 1
7 73 1
7 77 1
7 78 1
7 82 1
7 85 1
7 90 1
7 97 1
8 1 1
8 4 1
8 5 1
8 9 1
8 11 1
8 14 1
8 16 1
8 18 1
8 22 1
8 24 1
8 25 1
8 27 1
8 30 1
8 31 1
8 34 1
8 37 1
8 42 1
8 44 1
8 45 1
8 46 1
8 48 1
8 49 1
8 51 1
8 53 1
8 54 1
8 62 1
8 64 1
8 65 1
8 66 1
8 68 1
8 74 1
8 79 1
8 84 1
8 89 1
8 91 1
8 98 1
8 99 1
8 100 1
9 1 1
9 4 1
9 5 1
9 8 1
9 11 1
9 14 1
9 16 1
9 18 1
9 22 1
9 24 1
9 25 1
9 27 1
9 30 1
9 31 1
9 34 1
9 37 1
9 42 1
9 44 1
9 45 1
9 46 1
9 48 1
9 49 1
9 51 1
9 53 1
9 54 1
9 60 1
9 62 1
9 64 1
9 65 1
9 66 1
9 68 1
9 74 1
9 79 1
9 84 1
9 89 1
9 91 1
9 98 1
9 99 1
9 100 1
10 13 1
10 17 1
10 26 1
10 28 1
10 29 1
10 32 1
10 33 1
10 39 1
10 57 1
10 63 1
10 69 1
10 76 1
10 86 1
10 93 1
10 94 1
11 1 1
11 4 1
11 5 1
11 8 1
11 9 1
11 14 1
11 16 1
11 18 1
11 22 1
11 24 1
11 25 1
11 27 1
11 30 1
11 31 1
11 34 1
11 37 1
11 42 1
11 44 1
11 45 1
11 46 1
11 48 1
11 49 1
11 51 1
11 52 1
11 53 1
11 54 1
11 62 1
11 64 1
11 65 1
11 66 1
11 68 1
11 74 1
11 79 1
11 84 1
11 89 1
11 91 1
11 98 1
11 99 1
11 100 1
12 3 1
12 6 1
12 15 1
12 18 1
12 21 1
12 36 1
12 41 1
12 43 1
12 50 1
12 55 1
12 58 1
12 60 1
12 61 1
12 71 1
12 73 1
12 75 1
12 77 1
12 78 1
12 80 1
12 82 1
12 85 1
12 87 1
12 88 1
12 97 1
13 2 1
13 10 1
13 17 1
13 23 1
13 26 1
13 28 1
13 32 1
13 33 1
13 39 1
13 40 1
13 57 1
13 63 1
13 69 1
13 76 1
13 81 1
13 86 1
13 92 1
13 93 1
14 1 1
14 4 1
14 5 1
14 8 1
14 9 1
14 11 1
14 16 1
14 18 1
14 22 1
14 24 1
14 25 1
14 27 1
14 30 1
14 31 1
14 34 1
14 37 1
14 42 1
14 44 1
14 45 1
14 46 1
14 48 1
14 49 1
14 51 1
14 53 1
14 54 1
14 62 1
14 64 1
14 65 1
14 66 1
14 68 1
14 74 1
14 79 1
14 84 1
14 89 1
14 91 1
14 95 1
14 98 1
14 99 1
14 100 1
15 6 1
15 7 1
15 12 1
15 19 1
15 20 1
15 35 1
15 36 1
15 41 1
15 43 1
15 47 1
15 55 1
15 60 1
15 61 1
15 66 1
15 67 1
15 70 1
15 72 1
15 73 1
15 78 1
15 80 1
15 82 1
15 85 1
15 90 1
15 96 1
16 1 1
16 4 1
16 5 1
16 8 1
16 9 1
16 11 1
16 14 1
16 18 1
16 22 1
16 24 1
16 25 1
16 27 1
16 30 1
16 31 1
16 34 1
16 37 1
16 41 1
16 42 1
16 44 1
16 45 1
16 46 1
16 48 1
16 49 1
16 51 1
16 53 1
16 54 1
16 62 1
16 64 1
16 65 1
16 66 1
16 68 1
16 73 1
16 74 1
16 79 1
16 84 1
16 89 1
16 91 1
16 98 1
16 99 1
16 100 1
17 10 1
17 13 1
17 28 1
17 29 1
17 32 1
17 38 1
17 39 1
17 57 1
17 63 1
17 69 1
17 76 1
17 83 1
17 86 1
17 92 1
17 93 1
18 1 1
18 4 1
18 5 1
18 8 1
18 9 1
18 11 1
18 12 1
18 14 1
18 16 1
18 22 1
18 24 1
18 25 1
18 27 1
18 30 1
18 31 1
18 34 1
18 36 1
18 37 1
18 42 1
18 44 1
18 45 1
18 46 1
18 48 1
18 49 1
18 51 1
18 53 1
18 54 1
18 62 1
18 64 1
18 65 1
18 66 1
18 68 1
18 74 1
18 79 1
18 84 1
18 89 1
18 91 1
18 98 1
18 99 1
18 100 1
19 3 1
19 7 1
19 15 1
19 36 1
19 41 1
19 47 1
19 50 1
19 52 1
19 55 1
19 56 1
19 59 1
19 60 1
19 71 1
19 73 1
19 77 1
19 78 1
19 80 1
19 85 1
19 87 1
19 90 1
19 96 1
19 97 1
20 6 1
20 15 1
20 21 1
20 36 1
20 59 1
20 72 1
20 73 1
20 75 1
20 78 1
20 82 1
20 85 1
20 87 1
20 96 1
20 97 1
21 12 1
21 20 1
21 36 1
21 41 1
21 43 1
21 47 1
21 50 1
21 59 1
21 61 1
21 67 1
21 70 1
21 71 1
21 72 1
21 75 1
21 77 1
21 85 1
21 87 1
21 90 1
21 95 1
22 1 1
22 4 1
22 5 1
22 8 1
22 9 1
22 11 1
22 14 1
22 16 1
22 18 1
22 24 1
22 25 1
22 27 1
22 30 1
22 31 1
22 34 1
22 37 1
22 42 1
22 44 1
22 45 1
22 46 1
22 48 1
22 49 1
22 51 1
22 53 1
22 54 1
22 61 1
22 62 1
22 64 1
22 65 1
22 66 1
22 68 1
22 74 1
22 79 1
22 84 1
22 89 1
22 91 1
22 98 1
22 99 1
22 100 1
23 2 1
23 13 1
23 26 1
23 28 1
23 29 1
23 32 1
23 40 1
23 57 1
23 69 1
23 76 1
23 81 1
23 86 1
23 92 1
23 93 1
23 94 1
24 1 1
24 4 1
24 5 1
24 8 1
24 9 1
24 11 1
24 14 1
24 16 1
24 18 1
24 22 1
24 25 1
24 27 1
24 30 1
24 31 1
24 34 1
24 37 1
24 42 1
24 44 1
24 45 1
24 46 1
24 48 1
24 49 1
24 51 1
24 53 1
24 54 1
24 62 1
24 64 1
24 65 1
24 66 1
24 68 1
24 74 1
24 79 1
24 84 1
24 89 1
24 91 1
24 98 1
24 99 1
24 100 1
25 1 1
25 4 1
25 5 1
25 8 1
25 9 1
25 11 1
25 14 1
25 16 1
25 18 1
25 22 1
25 24 1
25 27 1
25 30 1
25 31 1
25 34 1
25 37 1
25 42 1
25 44 1
25 45 1
25 46 1
25 48 1
25 49 1
25 51 1
25 53 1
25 54 1
25 62 1
25 64 1
25 65 1
25 66 1
25 68 1
25 74 1
25 79 1
25 84 1
25 89 1
25 91 1
25 98 1
25 99 1
25 100 1
26 10 1
26 13 1
26 23 1
26 28 1
26 29 1
26 32 1
26 40 1
26 57 1
26 69 1
26 76 1
26 81 1
26 86 1
26 94 1
27 1 1
27 4 1
27 5 1
27 8 1
27 9 1
27 11 1
27 14 1
27 16 1
27 18 1
27 22 1
27 24 1
27 25 1
27 30 1
27 31 1
27 34 1
27 37 1
27 42 1
27 44 1
27 45 1
27 46 1
27 48 1
27 49 1
27 51 1
27 53 1
27 54 1
27 62 1
27 64 1
27 65 1
27 66 1
27 68 1
27 74 1
27 79 1
27 84 1
27 89 1
27 91 1
27 98 1
27 99 1
27 100 1
28 2 1
28 10 1
28 13 1
28 17 1
28 23 1
28 26 1
28 29 1
28 32 1
28 38 1
28 39 1
28 57 1
28 69 1
28 76 1
28 81 1
28 83 1
28 86 1
28 92 1
28 93 1
29 2 1
29 10 1
29 17 1
29 23 1
29 26 1
29 28 1
29 32 1
29 33 1
29 38 1
29 39 1
29 40 1
29 63 1
29 69 1
29 81 1
29 83 1
29 86 1
29 92 1
29 94 1
30 1 1
30 4 1
30 5 1
30 8 1
30 9 1
30 11 1
30 14 1
30 16 1
30 18 1
30 22 1
30 24 1
30 25 1
30 27 1
30 31 1
30 34 1
30 37 1
30 42 1
30 44 1
30 45 1
30 46 1
30 48 1
30 49 1
30 51 1
30 53 1
30 54 1
30 62 1
30 64 1
30 65 1
30 66 1
30 68 1
30 74 1
30 77 1
30 79 1
30 84 1
30 89 1
30 91 1
30 98 1
30 99 1
30 100 1
31 1 1
31 4 1
31 5 1
31 7 1
31 8 1
31 9 1
31 11 1
31 14 1
31 16 1
31 18 1
31 22 1
31 24 1
31 25 1
31 27 1
31 30 1
31 34 1
31 37 1
31 42 1
31 44 1
31 45 1
31 46 1
31 48 1
31 49 1
31 51 1
31 53 1
31 54 1
31 61 1
31 62 1
31 64 1
31 65 1
31 66 1
31 68 1
31 72 1
31 74 1
31 79 1
31 84 1
31 89 1
31 91 1
31 98 1
31 99 1
31 100 1
32 2 1
32 10 1
32 13 1
32 17 1
32 23 1
32 26 1
32 28 1
32 29 1
32 33 1
32 38 1
32 39 1
32 40 1
32 63 1
32 76 1
32 81 1
32 86 1
32 92 1
32 93 1
32 94 1
33 2 1
33 10 1
33 13 1
33 29 1
33 32 1
33 39 1
33 81 1
33 83 1
33 86 1
33 93 1
33 94 1
34 1 1
34 4 1
34 5 1
34 8 1
34 9 1
34 11 1
34 14 1
34 16 1
34 18 1
34 22 1
34 24 1
34 25 1
34 27 1
34 30 1
34 31 1
34 37 1
34 42 1
34 44 1
34 45 1
34 46 1
34 48 1
34 49 1
34 51 1
34 53 1
34 54 1
34 62 1
34 64 1
34 65 1
34 66 1
34 68 1
34 74 1
34 79 1
34 84 1
34 89 1
34 91 1
34 98 1
34 99 1
34 100 1
35 3 1
35 6 1
35 7 1
35 15 1
35 36 1
35 43 1
35 47 1
35 50 1
35 52 1
35 56 1
35 59 1
35 61 1
35 67 1
35 70 1
35 75 1
35 77 1
35 85 1
35 97 1
36 6 1
36 7 1
36 12 1
36 15 1
36 18 1
36 19 1
36 20 1
36 21 1
36 35 1
36 47 1
36 52 1
36 53 1
36 55 1
36 58 1
36 60 1
36 61 1
36 67 1
36 71 1
36 72 1
36 75 1
36 82 1
36 88 1
36 95 1
36 96 1
37 1 1
37 4 1
37 5 1
37 8 1
37 9 1
37 11 1
37 14 1
37 16 1
37 18 1
37 22 1
37 24 1
37 25 1
37 27 1
37 30 1
37 31 1
37 34 1
37 42 1
37 44 1
37 45 1
37 46 1
37 48 1
37 49 1
37 51 1
37 53 1
37 54 1
37 62 1
37 64 1
37 65 1
37 66 1
37 67 1
37 68 1
37 74 1
37 79 1
37 84 1
37 89 1
37 91 1
37 98 1
37 99 1
37 100 1
38 2 1
38 17 1
38 28 1
38 29 1
38 32 1
38 40 1
38 57 1
38 69 1
38 76 1
38 81 1
38 83 1
38 86 1
38 92 1
38 93 1
38 94 1
39 2 1
39 10 1
39 13 1
39 17 1
39 28 1
39 29 1
39 32 1
39 33 1
39 40 1
39 57 1
39 63 1
39 76 1
39 81 1
39 83 1
39 86 1
39 92 1
39 93 1
39 94 1
40 2 1
40 13 1
40 23 1
40 26 1
40 29 1
40 32 1
40 38 1
40 39 1
40 76 1
40 81 1
40 86 1
40 92 1
40 94 1
41 7 1
41 12 1
41 15 1
41 16 1
41 19 1
41 21 1
41 43 1
41 47 1
41 50 1
41 52 1
41 56 1
41 59 1
41 61 1
41 68 1
41 72 1
41 75 1
41 77 1
41 78 1
41 80 1
41 82 1
41 85 1
41 88 1
41 90 1
41 97 1
42 1 1
42 4 1
42 5 1
42 8 1
42 9 1
42 11 1
42 14 1
42 16 1
42 18 1
42 22 1
42 24 1
42 25 1
42 27 1
42 30 1
42 31 1
42 34 1
42 37 1
42 44 1
42 45 1
42 46 1
42 48 1
42 49 1
42 51 1
42 53 1
42 54 1
42 62 1
42 64 1
42 65 1
42 66 1
42 68 1
42 74 1
42 79 1
42 84 1
42 89 1
42 91 1
42 98 1
42 99 1
42 100 1
43 3 1
43 7 1
43 12 1
43 15 1
43 21 1
43 35 1
43 41 1
43 47 1
43 50 1
43 55 1
43 58 1
43 59 1
43 60 1
43 67 1
43 70 1
43 71 1
43 72 1
43 75 1
43 78 1
43 80 1
43 87 1
43 95 1
43 96 1
44 1 1
44 4 1
44 5 1
44 8 1
44 9 1
44 11 1
44 14 1
44 16 1
44 18 1
44 22 1
44 24 1
44 25 1
44 27 1
44 30 1
44 31 1
44 34 1
44 37 1
44 42 1
44 45 1
44 46 1
44 48 1
44 49 1
44 51 1
44 53 1
44 54 1
44 62 1
44 64 1
44 65 1
44 66 1
44 68 1
44 74 1
44 79 1
44 84 1
44 89 1
44 91 1
44 98 1
44 99 1
44 100 1
45 1 1
45 4 1
45 5 1
45 8 1
45 9 1
45 11 1
45 14 1
45 16 1
45 18 1
45 22 1
45 24 1
45 25 1
45 27 1
45 30 1
45 31 1
45 34 1
45 37 1
45 42 1
45 44 1
45 46 1
45 48 1
45 49 1
45 51 1
45 53 1
45 54 1
45 62 1
45 64 1
45 65 1
45 66 1
45 68 1
45 74 1
45 79 1
45 84 1
45 89 1
45 91 1
45 98 1
45 99 1
45 100 1
46 1 1
46 4 1
46 5 1
46 8 1
46 9 1
46 11 1
46 14 1
46 16 1
46 18 1
46 22 1
46 24 1
46 25 1
46 27 1
46 30 1
46 31 1
46 34 1
46 37 1
46 42 1
46 44 1
46 45 1
46 48 1
46 49 1
46 51 1
46 53 1
46 54 1
46 62 1
46 64 1
46 65 1
46 66 1
46 68 1
46 74 1
46 79 1
46 84 1
46 89 1
46 91 1
46 95 1
46 98 1
46 99 1
46 100 1
47 3 1
47 6 1
47 15 1
47 19 1
47 21 1
47 35 1
47 36 1
47 41 1
47 43 1
47 48 1
47 50 1
47 51 1
47 55 1
47 56 1
47 58 1
47 59 1
47 60 1
47 70 1
47 72 1
47 75 1
47 77 1
47 80 1
47 82 1
47 85 1
47 87 1
48 1 1
48 4 1
48 5 1
48 8 1
48 9 1
48 11 1
48 14 1
48 16 1
48 18 1
48 22 1
48 24 1
48 25 1
48 27 1
48 30 1
48 31 1
48 34 1
48 37 1
48 42 1
48 44 1
48 45 1
48 46 1
48 47 1
48 49 1
48 51 1
48 53 1
48 54 1
48 62 1
48 64 1
48 65 1
48 66 1
48 68 1
48 70 1
48 74 1
48 79 1
48 84 1
48 89 1
48 91 1
48 98 1
48 99 1
48 100 1
49 1 1
49 4 1
49 5 1
49 8 1
49 9 1
49 11 1
49 14 1
49 16 1
49 18 1
49 22 1
49 24 1
49 25 1
49 27 1
49 30 1
49 31 1
49 34 1
49 37 1
49 42 1
49 44 1
49 45 1
49 46 1
49 48 1
49 51 1
49 53 1
49 54 1
49 62 1
49 64 1
49 65 1
49 66 1
49 68 1
49 74 1
49 79 1
49 84 1
49 89 1
49 91 1
49 98 1
49 99 1
49 100 1
50 3 1
50 6 1
50 7 1
50 12 1
50 19 1
50 21 1
50 35 1
50 41 1
50 43 1
50 47 1
50 52 1
50 58 1
50 60 1
50 61 1
50 71 1
50 72 1
50 73 1
50 78 1
50 82 1
50 87 1
50 88 1
50 90 1
50 95 1
50 97 1
51 1 1
51 4 1
51 5 1
51 8 1
51 9 1
51 11 1
51 14 1
51 16 1
51 18 1
51 22 1
51 24 1
51 25 1
51 27 1
51 30 1
51 31 1
51 34 1
51 37 1
51 42 1
51 44 1
51 45 1
51 46 1
51 47 1
51 48 1
51 49 1
51 53 1
51 54 1
51 62 1
51 64 1
51 65 1
51 66 1
51 68 1
51 74 1
51 79 1
51 84 1
51 89 1
51 91 1
51 98 1
51 99 1
51 100 1
52 3 1
52 7 1
52 11 1
52 19 1
52 35 1
52 36 1
52 41 1
52 50 1
52 56 1
52 58 1
52 60 1
52 61 1
52 67 1
52 71 1
52 72 1
52 73 1
52 75 1
52 80 1
52 82 1
52 85 1
52 87 1
52 88 1
52 95 1
53 1 1
53 4 1
53 5 1
53 8 1
53 9 1
53 11 1
53 14 1
53 16 1
53 18 1
53 22 1
53 24 1
53 25 1
53 27 1
53 30 1
53 31 1
53 34 1
53 36 1
53 37 1
53 42 1
53 44 1
53 45 1
53 46 1
53 48 1
53 49 1
53 51 1
53 54 1
53 62 1
53 64 1
53 65 1
53 66 1
53 68 1
53 74 1
53 79 1
53 84 1
53 89 1
53 91 1
53 98 1
53 99 1
53 100 1
54 1 1
54 4 1
54 5 1
54 8 1
54 9 1
54 11 1
54 14 1
54 16 1
54 18 1
54 22 1
54 24 1
54 25 1
54 27 1
54 30 1
54 31 1
54 34 1
54 37 1
54 42 1
54 44 1
54 45 1
54 46 1
54 48 1
54 49 1
54 51 1
54 53 1
54 62 1
54 64 1
54 65 1
54 66 1
54 68 1
54 74 1
54 79 1
54 84 1
54 89 1
54 91 1
54 98 1
54 99 1
54 100 1
55 7 1
55 12 1
55 15 1
55 19 1
55 36 1
55 43 1
55 47 1
55 58 1
55 59 1
55 60 1
55 61 1
55 70 1
55 71 1
55 73 1
55 75 1
55 77 1
55 78 1
55 85 1
55 87 1
55 88 1
55 90 1
56 6 1
56 7 1
56 19 1
56 35 1
56 41 1
56 47 1
56 52 1
56 58 1
56 59 1
56 60 1
56 61 1
56 67 1
56 70 1
56 71 1
56 72 1
56 73 1
56 78 1
56 80 1
56 82 1
56 85 1
56 87 1
56 88 1
56 95 1
56 97 1
57 10 1
57 13 1
57 17 1
57 23 1
57 26 1
57 28 1
57 38 1
57 39 1
57 63 1
57 76 1
57 81 1
57 83 1
57 86 1
57 93 1
57 94 1
58 3 1
58 6 1
58 12 1
58 36 1
58 43 1
58 47 1
58 50 1
58 52 1
58 55 1
58 56 1
58 59 1
58 61 1
58 67 1
58 70 1
58 71 1
58 72 1
58 77 1
58 85 1
58 87 1
58 95 1
59 7 1
59 19 1
59 20 1
59 21 1
59 35 1
59 41 1
59 43 1
59 47 1
59 55 1
59 56 1
59 58 1
59 60 1
59 61 1
59 70 1
59 71 1
59 72 1
59 73 1
59 75 1
59 78 1
59 80 1
59 82 1
59 85 1
59 88 1
59 90 1
59 95 1
59 96 1
60 1 1
60 7 1
60 9 1
60 12 1
60 15 1
60 19 1
60 36 1
60 43 1
60 47 1
60 50 1
60 52 1
60 55 1
60 56 1
60 59 1
60 67 1
60 72 1
60 75 1
60 78 1
60 80 1
60 85 1
60 88 1
60 95 1
60 96 1
61 3 1
61 12 1
61 15 1
61 21 1
61 22 1
61 31 1
61 35 1
61 36 1
61 41 1
61 50 1
61 52 1
61 55 1
61 56 1
61 58 1
61 59 1
61 67 1
61 75 1
61 77 1
61 78 1
61 80 1
61 82 1
61 88 1
61 90 1
61 96 1
61 97 1
62 1 1
62 4 1
62 5 1
62 8 1
62 9 1
62 11 1
62 14 1
62 16 1
62 18 1
62 22 1
62 24 1
62 25 1
62 27 1
62 30 1
62 31 1
62 34 1
62 37 1
62 42 1
62 44 1
62 45 1
62 46 1
62 48 1
62 49 1
62 51 1
62 53 1
62 54 1
62 64 1
62 65 1
62 66 1
62 68 1
62 74 1
62 79 1
62 84 1
62 89 1
62 91 1
62 98 1
62 99 1
62 100 1
63 2 1
63 10 1
63 13 1
63 17 1
63 29 1
63 32 1
63 39 1
63 57 1
63 76 1
63 81 1
63 92 1
63 94 1
64 1 1
64 4 1
64 5 1
64 8 1
64 9 1
64 11 1
64 14 1
64 16 1
64 18 1
64 22 1
64 24 1
64 25 1
64 27 1
64 30 1
64 31 1
64 34 1
64 37 1
64 42 1
64 44 1
64 45 1
64 46 1
64 48 1
64 49 1
64 51 1
64 53 1
64 54 1
64 62 1
64 65 1
64 66 1
64 68 1
64 74 1
64 79 1
64 84 1
64 89 1
64 91 1
64 98 1
64 99 1
64 100 1
65 1 1
65 4 1
65 5 1
65 8 1
65 9 1
65 11 1
65 14 1
65 16 1
65 18 1
65 22 1
65 24 1
65 25 1
65 27 1
65 30 1
65 31 1
65 34 1
65 37 1
65 42 1
65 44 1
65 45 1
65 46 1
65 48 1
65 49 1
65 51 1
65 53 1
65 54 1
65 62 1
65 64 1
65 66 1
65 68 1
65 74 1
65 77 1
65 79 1
65 84 1
65 89 1
65 91 1
65 98 1
65 99 1
65 100 1
66 1 1
66 4 1
66 5 1
66 8 1
66 9 1
66 11 1
66 14 1
66 15 1
66 16 1
66 18 1
66 22 1
66 24 1
66 25 1
66 27 1
66 30 1
66 31 1
66 34 1
66 37 1
66 42 1
66 44 1
66 45 1
66 46 1
66 48 1
66 49 1
66 51 1
66 53 1
66 54 1
66 62 1
66 64 1
66 65 1
66 67 1
66 68 1
66 74 1
66 79 1
66 84 1
66 89 1
66 91 1
66 98 1
66 99 1
66 100 1
67 7 1
67 15 1
67 21 1
67 35 1
67 36 1
67 37 1
67 43 1
67 52 1
67 56 1
67 58 1
67 60 1
67 61 1
67 66 1
67 70 1
67 71 1
67 72 1
67 75 1
67 77 1
67 78 1
67 80 1
67 82 1
67 87 1
67 88 1
67 90 1
67 97 1
68 1 1
68 4 1
68 5 1
68 8 1
68 9 1
68 11 1
68 14 1
68 16 1
68 18 1
68 22 1
68 24 1
68 25 1
68 27 1
68 30 1
68 31 1
68 34 1
68 37 1
68 41 1
68 42 1
68 44 1
68 45 1
68 46 1
68 48 1
68 49 1
68 51 1
68 53 1
68 54 1
68 62 1
68 64 1
68 65 1
68 66 1
68 74 1
68 79 1
68 84 1
68 89 1
68 91 1
68 97 1
68 98 1
68 99 1
68 100 1
69 10 1
69 13 1
69 17 1
69 23 1
69 26 1
69 28 1
69 29 1
69 38 1
69 76 1
69 81 1
69 92 1
69 93 1
69 94 1
70 3 1
70 6 1
70 15 1
70 21 1
70 35 1
70 43 1
70 47 1
70 48 1
70 55 1
70 56 1
70 58 1
70 59 1
70 67 1
70 71 1
70 73 1
70 78 1
70 82 1
70 85 1
70 87 1
70 90 1
71 3 1
71 7 1
71 12 1
71 19 1
71 21 1
71 36 1
71 43 1
71 50 1
71 52 1
71 55 1
71 56 1
71 58 1
71 59 1
71 67 1
71 70 1
71 72 1
71 73 1
71 77 1
71 80 1
71 87 1
71 88 1
71 95 1
71 97 1
72 3 1
72 7 1
72 15 1
72 20 1
72 21 1
72 31 1
72 36 1
72 41 1
72 43 1
72 47 1
72 50 1
72 52 1
72 56 1
72 58 1
72 59 1
72 60 1
72 67 1
72 71 1
72 75 1
72 77 1
72 78 1
72 79 1
72 82 1
72 95 1
72 96 1
73 7 1
73 12 1
73 15 1
73 16 1
73 19 1
73 20 1
73 50 1
73 52 1
73 55 1
73 56 1
73 59 1
73 70 1
73 71 1
73 75 1
73 77 1
73 78 1
73 82 1
73 87 1
73 88 1
73 90 1
73 96 1
74 1 1
74 4 1
74 5 1
74 8 1
74 9 1
74 11 1
74 14 1
74 16 1
74 18 1
74 22 1
74 24 1
74 25 1
74 27 1
74 30 1
74 31 1
74 34 1
74 37 1
74 42 1
74 44 1
74 45 1
74 46 1
74 48 1
74 49 1
74 51 1
74 53 1
74 54 1
74 62 1
74 64 1
74 65 1
74 66 1
74 68 1
74 79 1
74 84 1
74 89 1
74 91 1
74 98 1
74 99 1
74 100 1
75 3 1
75 12 1
75 20 1
75 21 1
75 35 1
75 36 1
75 41 1
75 43 1
75 47 1
75 52 1
75 55 1
75 59 1
75 60 1
75 61 1
75 67 1
75 72 1
75 73 1
75 82 1
75 87 1
75 88 1
75 96 1
76 2 1
76 10 1
76 13 1
76 17 1
76 23 1
76 26 1
76 28 1
76 32 1
76 38 1
76 39 1
76 40 1
76 57 1
76 63 1
76 69 1
76 83 1
76 93 1
76 94 1
77 4 1
77 6 1
77 7 1
77 12 1
77 19 1
77 21 1
77 30 1
77 35 1
77 41 1
77 47 1
77 55 1
77 58 1
77 61 1
77 65 1
77 67 1
77 71 1
77 72 1
77 73 1
77 80 1
77 87 1
77 90 1
77 96 1
77 97 1
78 6 1
78 7 1
78 12 1
78 15 1
78 19 1
78 20 1
78 41 1
78 43 1
78 50 1
78 55 1
78 56 1
78 59 1
78 60 1
78 61 1
78 67 1
78 70 1
78 72 1
78 73 1
78 82 1
78 85 1
78 87 1
79 1 1
79 4 1
79 5 1
79 8 1
79 9 1
79 11 1
79 14 1
79 16 1
79 18 1
79 22 1
79 24 1
79 25 1
79 27 1
79 30 1
79 31 1
79 34 1
79 37 1
79 42 1
79 44 1
79 45 1
79 46 1
79 48 1
79 49 1
79 51 1
79 53 1
79 54 1
79 62 1
79 64 1
79 65 1
79 66 1
79 68 1
79 72 1
79 74 1
79 84 1
79 89 1
79 90 1
79 91 1
79 98 1
79 99 1
79 100 1
80 3 1
80 6 1
80 12 1
80 15 1
80 19 1
80 41 1
80 43 1
80 47 1
80 52 1
80 56 1
80 59 1
80 60 1
80 61 1
80 67 1
80 71 1
80 77 1
80 82 1
80 85 1
80 87 1
80 88 1
80 96 1
80 97 1
81 13 1
81 23 1
81 26 1
81 28 1
81 29 1
81 32 1
81 33 1
81 38 1
81 39 1
81 40 1
81 57 1
81 63 1
81 69 1
81 83 1
81 86 1
81 92 1
81 94 1
82 3 1
82 7 1
82 12 1
82 15 1
82 20 1
82 36 1
82 41 1
82 47 1
82 50 1
82 52 1
82 56 1
82 59 1
82 61 1
82 67 1
82 70 1
82 72 1
82 73 1
82 75 1
82 78 1
82 80 1
82 85 1
82 87 1
82 90 1
82 95 1
82 96 1
82 97 1
83 17 1
83 28 1
83 29 1
83 33 1
83 38 1
83 39 1
83 57 1
83 76 1
83 81 1
83 86 1
83 92 1
83 94 1
84 1 1
84 4 1
84 5 1
84 8 1
84 9 1
84 11 1
84 14 1
84 16 1
84 18 1
84 22 1
84 24 1
84 25 1
84 27 1
84 30 1
84 31 1
84 34 1
84 37 1
84 42 1
84 44 1
84 45 1
84 46 1
84 48 1
84 49 1
84 51 1
84 53 1
84 54 1
84 62 1
84 64 1
84 65 1
84 66 1
84 68 1
84 74 1
84 79 1
84 89 1
84 91 1
84 98 1
84 99 1
84 100 1
85 7 1
85 12 1
85 15 1
85 19 1
85 20 1
85 21 1
85 35 1
85 41 1
85 47 1
85 52 1
85 55 1
85 56 1
85 58 1
85 59 1
85 60 1
85 70 1
85 78 1
85 80 1
85 82 1
85 87 1
85 96 1
85 97 1
85 99 1
85 100 1
86 2 1
86 10 1
86 13 1
86 17 1
86 23 1
86 26 1
86 28 1
86 29 1
86 32 1
86 33 1
86 38 1
86 39 1
86 40 1
86 57 1
86 81 1
86 83 1
86 92 1
86 93 1
86 94 1
87 3 1
87 12 1
87 19 1
87 20 1
87 21 1
87 43 1
87 47 1
87 50 1
87 52 1
87 55 1
87 56 1
87 58 1
87 67 1
87 70 1
87 71 1
87 73 1
87 75 1
87 77 1
87 78 1
87 80 1
87 82 1
87 85 1
87 97 1
88 6 1
88 12 1
88 36 1
88 41 1
88 50 1
88 52 1
88 55 1
88 56 1
88 59 1
88 60 1
88 61 1
88 67 1
88 71 1
88 73 1
88 75 1
88 80 1
88 90 1
88 95 1
89 1 1
89 4 1
89 5 1
89 8 1
89 9 1
89 11 1
89 14 1
89 16 1
89 18 1
89 22 1
89 24 1
89 25 1
89 27 1
89 30 1
89 31 1
89 34 1
89 37 1
89 42 1
89 44 1
89 45 1
89 46 1
89 48 1
89 49 1
89 51 1
89 53 1
89 54 1
89 62 1
89 64 1
89 65 1
89 66 1
89 68 1
89 74 1
89 79 1
89 84 1
89 91 1
89 98 1
89 99 1
89 100 1
90 3 1
90 6 1
90 7 1
90 15 1
90 19 1
90 21 1
90 41 1
90 50 1
90 55 1
90 59 1
90 61 1
90 67 1
90 70 1
90 73 1
90 77 1
90 79 1
90 82 1
90 88 1
90 95 1
91 1 1
91 3 1
91 4 1
91 5 1
91 8 1
91 9 1
91 11 1
91 14 1
91 16 1
91 18 1
91 22 1
91 24 1
91 25 1
91 27 1
91 30 1
91 31 1
91 34 1
91 37 1
91 42 1
91 44 1
91 45 1
91 46 1
91 48 1
91 49 1
91 51 1
91 53 1
91 54 1
91 62 1
91 64 1
91 65 1
91 66 1
91 68 1
91 74 1
91 79 1
91 84 1
91 89 1
91 98 1
91 99 1
91 100 1
92 2 1
92 13 1
92 17 1
92 23 1
92 28 1
92 29 1
92 32 1
92 38 1
92 39 1
92 40 1
92 63 1
92 69 1
92 81 1
92 83 1
92 86 1
92 93 1
92 94 1
93 10 1
93 13 1
93 17 1
93 23 1
93 28 1
93 32 1
93 33 1
93 38 1
93 39 1
93 57 1
93 69 1
93 76 1
93 86 1
93 92 1
93 94 1
94 10 1
94 23 1
94 26 1
94 29 1
94 32 1
94 33 1
94 38 1
94 39 1
94 40 1
94 57 1
94 63 1
94 69 1
94 76 1
94 81 1
94 83 1
94 86 1
94 92 1
94 93 1
95 3 1
95 6 1
95 14 1
95 21 1
95 36 1
95 43 1
95 46 1
95 50 1
95 52 1
95 56 1
95 58 1
95 59 1
95 60 1
95 71 1
95 72 1
95 82 1
95 88 1
95 90 1
95 96 1
95 97 1
96 6 1
96 15 1
96 19 1
96 20 1
96 36 1
96 43 1
96 59 1
96 60 1
96 61 1
96 72 1
96 73 1
96 75 1
96 77 1
96 80 1
96 82 1
96 85 1
96 95 1
96 97 1
96 99 1
97 6 1
97 7 1
97 12 1
97 19 1
97 20 1
97 35 1
97 41 1
97 50 1
97 56 1
97 61 1
97 67 1
97 68 1
97 71 1
97 77 1
97 80 1
97 82 1
97 85 1
97 87 1
97 95 1
97 96 1
98 1 1
98 4 1
98 5 1
98 8 1
98 9 1
98 11 1
98 14 1
98 16 1
98 18 1
98 22 1
98 24 1
98 25 1
98 27 1
98 30 1
98 31 1
98 34 1
98 37 1
98 42 1
98 44 1
98 45 1
98 46 1
98 48 1
98 49 1
98 51 1
98 53 1
98 54 1
98 62 1
98 64 1
98 65 1
98 66 1
98 68 1
98 74 1
98 79 1
98 84 1
98 89 1
98 91 1
98 99 1
98 100 1
99 1 1
99 4 1
99 5 1
99 8 1
99 9 1
99 11 1
99 14 1
99 16 1
99 18 1
99 22 1
99 24 1
99 25 1
99 27 1
99 30 1
99 31 1
99 34 1
99 37 1
99 42 1
99 44 1
99 45 1
99 46 1
99 48 1
99 49 1
99 51 1
99 53 1
99 54 1
99 62 1
99 64 1
99 65 1
99 66 1
99 68 1
99 74 1
99 79 1
99 84 1
99 85 1
99 89 1
99 91 1
99 96 1
99 98 1
99 100 1
100 1 1
100 4 1
100 5 1
100 8 1
100 9 1
100 11 1
100 14 1
100 16 1
100 18 1
100 22 1
100 24 1
100 25 1
100 27 1
100 30 1
100 31 1
100 34 1
100 37 1
100 42 1
100 44 1
100 45 1
100 46 1
100 48 1
100 49 1
100 51 1
100 53 1
100 54 1
100 62 1
100 64 1
100 65 1
100 66 1
100 68 1
100 74 1
100 79 1
100 84 1
100 85 1
100 89 1
100 91 1
100 98 1
100 99 1
100 100 0
